ALL RECONSTRUCTED GLOBAL REPORTS FOR XGBOOST

==================================================
 XGBOOST TRIAL 0 | Target Score: 0.8783
==================================================
   precision  recall  f1-score    support
0     0.6664  0.7389    0.7008    10391.0
1     0.9999  0.9995    0.9997  3239833.0
2     0.9987  0.9997    0.9992   764781.0
3     0.9999  0.9999    0.9999   232811.0
4     0.9518  0.9237    0.9375   283614.0
5     0.9093  0.9090    0.9091   170125.0
6     0.5648  0.7895    0.6585    19878.0


==================================================
 XGBOOST TRIAL 1 | Target Score: 0.8794
==================================================
   precision  recall  f1-score    support
0     0.6788  0.7316    0.7042    10391.0
1     1.0000  0.9994    0.9997  3239833.0
2     0.9984  0.9998    0.9991   764781.0
3     0.9998  0.9999    0.9999   232811.0
4     0.9492  0.9217    0.9352   283614.0
5     0.9021  0.9095    0.9058   170125.0
6     0.5771  0.7772    0.6624    19878.0


==================================================
 XGBOOST TRIAL 2 | Target Score: 0.8506
==================================================
   precision  recall  f1-score    support
0     0.5124  0.7847    0.6200    10391.0
1     1.0000  0.9994    0.9997  3239833.0
2     0.9985  0.9997    0.9991   764781.0
3     0.9999  0.9999    0.9999   232811.0
4     0.9593  0.9036    0.9306   283614.0
5     0.9164  0.8949    0.9055   170125.0
6     0.4668  0.8404    0.6002    19878.0


==================================================
 XGBOOST TRIAL 3 | Target Score: 0.9059
==================================================
   precision  recall  f1-score    support
0     0.8062  0.7036    0.7514    10391.0
1     0.9999  0.9995    0.9997  3239833.0
2     0.9986  0.9997    0.9991   764781.0
3     0.9999  0.9999    0.9999   232811.0
4     0.9388  0.9411    0.9399   283614.0
5     0.9049  0.9119    0.9084   170125.0
6     0.7185  0.7174    0.7179    19878.0


==================================================
 XGBOOST TRIAL 4 | Target Score: 0.8630
==================================================
   precision  recall  f1-score    support
0     0.5697  0.7737    0.6562    10391.0
1     0.9999  0.9994    0.9997  3239833.0
2     0.9985  0.9997    0.9991   764781.0
3     0.9998  0.9999    0.9999   232811.0
4     0.9565  0.9147    0.9351   283614.0
5     0.9136  0.9026    0.9081   170125.0
6     0.5147  0.8168    0.6314    19878.0


==================================================
 XGBOOST TRIAL 5 | Target Score: 0.8561
==================================================
   precision  recall  f1-score    support
0     0.5362  0.7728    0.6331    10391.0
1     1.0000  0.9994    0.9997  3239833.0
2     0.9983  0.9998    0.9991   764781.0
3     0.9998  0.9999    0.9999   232811.0
4     0.9555  0.9112    0.9328   283614.0
5     0.9164  0.8961    0.9062   170125.0
6     0.4933  0.8192    0.6158    19878.0


==================================================
 XGBOOST TRIAL 6 | Target Score: 0.8620
==================================================
   precision  recall  f1-score    support
0     0.5908  0.7609    0.6652    10391.0
1     1.0000  0.9993    0.9996  3239833.0
2     0.9983  0.9997    0.9990   764781.0
3     0.9998  0.9999    0.9999   232811.0
4     0.9565  0.9096    0.9324   283614.0
5     0.9101  0.9008    0.9054   170125.0
6     0.4929  0.8303    0.6186    19878.0


==================================================
 XGBOOST TRIAL 7 | Target Score: 0.8643
==================================================
   precision  recall  f1-score    support
0     0.5950  0.7567    0.6662    10391.0
1     0.9999  0.9994    0.9997  3239833.0
2     0.9984  0.9997    0.9991   764781.0
3     0.9999  0.9999    0.9999   232811.0
4     0.9537  0.9128    0.9328   283614.0
5     0.9087  0.9023    0.9054   170125.0
6     0.5137  0.8075    0.6280    19878.0


==================================================
 XGBOOST TRIAL 8 | Target Score: 0.8425
==================================================
   precision  recall  f1-score    support
0     0.4563  0.8065    0.5829    10391.0
1     0.9999  0.9994    0.9997  3239833.0
2     0.9984  0.9996    0.9990   764781.0
3     0.9998  0.9999    0.9999   232811.0
4     0.9626  0.8984    0.9294   283614.0
5     0.9204  0.8926    0.9063   170125.0
6     0.4524  0.8413    0.5884    19878.0


==================================================
 XGBOOST TRIAL 9 | Target Score: 0.7946
==================================================
   precision  recall  f1-score    support
0     0.2516  0.8714    0.3905    10391.0
1     0.9999  0.9992    0.9996  3239833.0
2     0.9983  0.9995    0.9989   764781.0
3     0.9998  0.9999    0.9998   232811.0
4     0.9790  0.8244    0.8950   283614.0
5     0.9426  0.8488    0.8932   170125.0
6     0.3122  0.9012    0.4637    19878.0


==================================================
 XGBOOST TRIAL 10 | Target Score: 0.6983
==================================================
   precision  recall  f1-score    support
0     0.1045  0.8704    0.1866    10391.0
1     0.9998  0.9692    0.9843  3239833.0
2     0.9816  0.9972    0.9894   764781.0
3     0.9995  0.9919    0.9957   232811.0
4     0.7911  0.6414    0.7084   283614.0
5     0.8128  0.7492    0.7797   170125.0
6     0.1660  0.8288    0.2766    19878.0


==================================================
 XGBOOST TRIAL 11 | Target Score: 0.8947
==================================================
   precision  recall  f1-score    support
0     0.7562  0.7142    0.7346    10391.0
1     0.9999  0.9994    0.9997  3239833.0
2     0.9985  0.9997    0.9991   764781.0
3     0.9999  0.9999    0.9999   232811.0
4     0.9424  0.9329    0.9376   283614.0
5     0.9018  0.9108    0.9063   170125.0
6     0.6554  0.7374    0.6940    19878.0


==================================================
 XGBOOST TRIAL 12 | Target Score: 0.8960
==================================================
   precision  recall  f1-score    support
0     0.7633  0.7104    0.7359    10391.0
1     0.9999  0.9994    0.9997  3239833.0
2     0.9984  0.9997    0.9990   764781.0
3     0.9999  0.9999    0.9999   232811.0
4     0.9424  0.9336    0.9380   283614.0
5     0.9022  0.9115    0.9069   170125.0
6     0.6606  0.7381    0.6972    19878.0


==================================================
 XGBOOST TRIAL 13 | Target Score: 0.8531
==================================================
   precision  recall  f1-score    support
0     0.5055  0.7891    0.6162    10391.0
1     0.9999  0.9994    0.9997  3239833.0
2     0.9986  0.9997    0.9991   764781.0
3     0.9999  0.9999    0.9999   232811.0
4     0.9580  0.9096    0.9332   283614.0
5     0.9183  0.8967    0.9074   170125.0
6     0.4916  0.8212    0.6150    19878.0


==================================================
 XGBOOST TRIAL 14 | Target Score: 0.8055
==================================================
   precision  recall  f1-score    support
0     0.2984  0.8609    0.4432    10391.0
1     0.9999  0.9994    0.9997  3239833.0
2     0.9984  0.9997    0.9991   764781.0
3     0.9999  0.9999    0.9999   232811.0
4     0.9752  0.8467    0.9064   283614.0
5     0.9386  0.8551    0.8949   170125.0
6     0.3344  0.9033    0.4881    19878.0


==================================================
 XGBOOST TRIAL 15 | Target Score: 0.7698
==================================================
   precision  recall  f1-score    support
0     0.1753  0.8813    0.2924    10391.0
1     0.9999  0.9990    0.9995  3239833.0
2     0.9982  0.9993    0.9987   764781.0
3     0.9998  0.9998    0.9998   232811.0
4     0.9802  0.7591    0.8556   283614.0
5     0.9440  0.8101    0.8719   170125.0
6     0.2595  0.8889    0.4017    19878.0


==================================================
 XGBOOST TRIAL 16 | Target Score: 0.8574
==================================================
   precision  recall  f1-score    support
0     0.5491  0.7708    0.6413    10391.0
1     0.9999  0.9995    0.9997  3239833.0
2     0.9986  0.9997    0.9992   764781.0
3     0.9999  0.9999    0.9999   232811.0
4     0.9568  0.9100    0.9328   283614.0
5     0.9142  0.8984    0.9062   170125.0
6     0.4916  0.8206    0.6149    19878.0


==================================================
 XGBOOST TRIAL 17 | Target Score: 0.8458
==================================================
   precision  recall  f1-score    support
0     0.4708  0.7996    0.5927    10391.0
1     0.9999  0.9994    0.9997  3239833.0
2     0.9985  0.9997    0.9991   764781.0
3     0.9999  0.9999    0.9999   232811.0
4     0.9610  0.9030    0.9311   283614.0
5     0.9211  0.8921    0.9063   170125.0
6     0.4639  0.8384    0.5973    19878.0


==================================================
 XGBOOST TRIAL 18 | Target Score: 0.8780
==================================================
   precision  recall  f1-score    support
0     0.6647  0.7375    0.6992    10391.0
1     1.0000  0.9993    0.9996  3239833.0
2     0.9984  0.9997    0.9990   764781.0
3     0.9998  0.9999    0.9998   232811.0
4     0.9487  0.9202    0.9342   283614.0
5     0.8992  0.9091    0.9041   170125.0
6     0.5815  0.7717    0.6632    19878.0


==================================================
 XGBOOST TRIAL 19 | Target Score: 0.8396
==================================================
   precision  recall  f1-score    support
0     0.4588  0.8019    0.5836    10391.0
1     0.9999  0.9994    0.9997  3239833.0
2     0.9984  0.9997    0.9991   764781.0
3     0.9998  0.9999    0.9999   232811.0
4     0.9642  0.8921    0.9267   283614.0
5     0.9207  0.8891    0.9046   170125.0
6     0.4274  0.8612    0.5713    19878.0


==================================================
 XGBOOST TRIAL 20 | Target Score: 0.8853
==================================================
   precision  recall  f1-score    support
0     0.7011  0.7209    0.7109    10391.0
1     1.0000  0.9994    0.9997  3239833.0
2     0.9985  0.9997    0.9991   764781.0
3     0.9999  0.9999    0.9999   232811.0
4     0.9442  0.9296    0.9368   283614.0
5     0.9053  0.9074    0.9063   170125.0
6     0.6152  0.7533    0.6773    19878.0


==================================================
 XGBOOST TRIAL 21 | Target Score: 0.8921
==================================================
   precision  recall  f1-score    support
0     0.7391  0.7170    0.7279    10391.0
1     0.9999  0.9994    0.9997  3239833.0
2     0.9985  0.9997    0.9991   764781.0
3     0.9998  0.9999    0.9999   232811.0
4     0.9436  0.9309    0.9372   283614.0
5     0.9012  0.9115    0.9063   170125.0
6     0.6462  0.7424    0.6910    19878.0


==================================================
 XGBOOST TRIAL 22 | Target Score: 0.8945
==================================================
   precision  recall  f1-score    support
0     0.7519  0.7166    0.7338    10391.0
1     0.9999  0.9994    0.9997  3239833.0
2     0.9985  0.9997    0.9991   764781.0
3     0.9999  0.9999    0.9999   232811.0
4     0.9441  0.9343    0.9392   283614.0
5     0.9061  0.9115    0.9088   170125.0
6     0.6478  0.7494    0.6949    19878.0


==================================================
 XGBOOST TRIAL 23 | Target Score: 0.8836
==================================================
   precision  recall  f1-score    support
0     0.6985  0.7274    0.7126    10391.0
1     0.9999  0.9995    0.9997  3239833.0
2     0.9986  0.9997    0.9992   764781.0
3     0.9999  0.9999    0.9999   232811.0
4     0.9470  0.9268    0.9368   283614.0
5     0.9053  0.9080    0.9066   170125.0
6     0.5952  0.7676    0.6705    19878.0


==================================================
 XGBOOST TRIAL 24 | Target Score: 0.8281
==================================================
   precision  recall  f1-score    support
0     0.3948  0.8221    0.5334    10391.0
1     1.0000  0.9994    0.9997  3239833.0
2     0.9986  0.9997    0.9992   764781.0
3     0.9999  0.9999    0.9999   232811.0
4     0.9670  0.8824    0.9228   283614.0
5     0.9285  0.8782    0.9026   170125.0
6     0.3992  0.8739    0.5481    19878.0


==================================================
 XGBOOST TRIAL 25 | Target Score: 0.8905
==================================================
   precision  recall  f1-score    support
0     0.7289  0.7208    0.7248    10391.0
1     0.9999  0.9994    0.9997  3239833.0
2     0.9984  0.9997    0.9991   764781.0
3     0.9998  0.9999    0.9998   232811.0
4     0.9459  0.9296    0.9376   283614.0
5     0.9020  0.9131    0.9075   170125.0
6     0.6341  0.7555    0.6895    19878.0


==================================================
 XGBOOST TRIAL 26 | Target Score: 0.8808
==================================================
   precision  recall  f1-score    support
0     0.6836  0.7345    0.7081    10391.0
1     0.9999  0.9994    0.9997  3239833.0
2     0.9984  0.9997    0.9991   764781.0
3     0.9999  0.9999    0.9999   232811.0
4     0.9493  0.9244    0.9367   283614.0
5     0.9056  0.9093    0.9075   170125.0
6     0.5797  0.7772    0.6641    19878.0


==================================================
 XGBOOST TRIAL 27 | Target Score: 0.9083
==================================================
   precision  recall  f1-score    support
0     0.8185  0.6982    0.7536    10391.0
1     0.9999  0.9995    0.9997  3239833.0
2     0.9986  0.9997    0.9991   764781.0
3     0.9999  0.9999    0.9999   232811.0
4     0.9366  0.9435    0.9400   283614.0
5     0.9070  0.9108    0.9089   170125.0
6     0.7328  0.7104    0.7214    19878.0


==================================================
 XGBOOST TRIAL 28 | Target Score: 0.8865
==================================================
   precision  recall  f1-score    support
0     0.6875  0.7388    0.7123    10391.0
1     0.9999  0.9994    0.9997  3239833.0
2     0.9985  0.9997    0.9991   764781.0
3     0.9999  0.9999    0.9999   232811.0
4     0.9475  0.9318    0.9396   283614.0
5     0.9097  0.9103    0.9100   170125.0
6     0.6215  0.7641    0.6855    19878.0


==================================================
 XGBOOST TRIAL 29 | Target Score: 0.9122
==================================================
   precision  recall  f1-score    support
0     0.8399  0.6949    0.7606    10391.0
1     0.9999  0.9995    0.9997  3239833.0
2     0.9987  0.9997    0.9992   764781.0
3     0.9999  0.9999    0.9999   232811.0
4     0.9367  0.9462    0.9414   283614.0
5     0.9089  0.9119    0.9104   170125.0
6     0.7480  0.7088    0.7279    19878.0


==================================================
 XGBOOST TRIAL 30 | Target Score: 0.9149
==================================================
   precision  recall  f1-score    support
0     0.8499  0.6881    0.7605    10391.0
1     0.9999  0.9995    0.9997  3239833.0
2     0.9987  0.9997    0.9992   764781.0
3     0.9999  0.9999    0.9999   232811.0
4     0.9352  0.9487    0.9419   283614.0
5     0.9104  0.9113    0.9109   170125.0
6     0.7685  0.7016    0.7335    19878.0


==================================================
 XGBOOST TRIAL 31 | Target Score: 0.9149
==================================================
   precision  recall  f1-score    support
0     0.8504  0.6925    0.7634    10391.0
1     0.9999  0.9995    0.9997  3239833.0
2     0.9987  0.9997    0.9992   764781.0
3     0.9999  0.9999    0.9999   232811.0
4     0.9353  0.9484    0.9418   283614.0
5     0.9108  0.9117    0.9112   170125.0
6     0.7659  0.7027    0.7329    19878.0


==================================================
 XGBOOST TRIAL 32 | Target Score: 0.9162
==================================================
   precision  recall  f1-score    support
0     0.8583  0.6908    0.7655    10391.0
1     0.9999  0.9996    0.9997  3239833.0
2     0.9988  0.9997    0.9992   764781.0
3     0.9999  0.9999    0.9999   232811.0
4     0.9348  0.9497    0.9422   283614.0
5     0.9108  0.9107    0.9108   170125.0
6     0.7738  0.6969    0.7333    19878.0


==================================================
 XGBOOST TRIAL 33 | Target Score: 0.9165
==================================================
   precision  recall  f1-score    support
0     0.8581  0.6917    0.7660    10391.0
1     0.9999  0.9995    0.9997  3239833.0
2     0.9987  0.9997    0.9992   764781.0
3     0.9999  0.9999    0.9999   232811.0
4     0.9343  0.9501    0.9421   283614.0
5     0.9119  0.9108    0.9113   170125.0
6     0.7755  0.6957    0.7334    19878.0


==================================================
 XGBOOST TRIAL 34 | Target Score: 0.9152
==================================================
   precision  recall  f1-score    support
0     0.8543  0.6945    0.7662    10391.0
1     0.9999  0.9995    0.9997  3239833.0
2     0.9987  0.9997    0.9992   764781.0
3     0.9999  0.9999    0.9999   232811.0
4     0.9360  0.9486    0.9423   283614.0
5     0.9111  0.9122    0.9116   170125.0
6     0.7626  0.7020    0.7311    19878.0


==================================================
 XGBOOST TRIAL 35 | Target Score: 0.9146
==================================================
   precision  recall  f1-score    support
0     0.8492  0.6944    0.7640    10391.0
1     0.9999  0.9995    0.9997  3239833.0
2     0.9987  0.9997    0.9992   764781.0
3     0.9999  0.9999    0.9999   232811.0
4     0.9359  0.9482    0.9420   283614.0
5     0.9103  0.9121    0.9112   170125.0
6     0.7635  0.7012    0.7310    19878.0


==================================================
 XGBOOST TRIAL 36 | Target Score: 0.9160
==================================================
   precision  recall  f1-score    support
0     0.8575  0.6904    0.7649    10391.0
1     0.9999  0.9995    0.9997  3239833.0
2     0.9987  0.9997    0.9992   764781.0
3     0.9999  0.9999    0.9999   232811.0
4     0.9347  0.9495    0.9420   283614.0
5     0.9114  0.9113    0.9113   170125.0
6     0.7712  0.6979    0.7327    19878.0


==================================================
 XGBOOST TRIAL 37 | Target Score: 0.9086
==================================================
   precision  recall  f1-score    support
0     0.8188  0.7046    0.7574    10391.0
1     0.9999  0.9995    0.9997  3239833.0
2     0.9987  0.9997    0.9992   764781.0
3     0.9999  0.9999    0.9999   232811.0
4     0.9398  0.9441    0.9420   283614.0
5     0.9096  0.9138    0.9117   170125.0
6     0.7214  0.7221    0.7217    19878.0


==================================================
 XGBOOST TRIAL 38 | Target Score: 0.9144
==================================================
   precision  recall  f1-score    support
0     0.8462  0.6943    0.7627    10391.0
1     0.9999  0.9995    0.9997  3239833.0
2     0.9986  0.9997    0.9992   764781.0
3     0.9999  0.9999    0.9999   232811.0
4     0.9356  0.9491    0.9423   283614.0
5     0.9116  0.9114    0.9115   170125.0
6     0.7631  0.7012    0.7308    19878.0


==================================================
 XGBOOST TRIAL 39 | Target Score: 0.9046
==================================================
   precision  recall  f1-score    support
0     0.7948  0.7111    0.7506    10391.0
1     0.9999  0.9995    0.9997  3239833.0
2     0.9987  0.9997    0.9992   764781.0
3     0.9999  0.9999    0.9999   232811.0
4     0.9413  0.9413    0.9413   283614.0
5     0.9090  0.9137    0.9113   170125.0
6     0.7020  0.7322    0.7168    19878.0


